0.000000 -0.008000
0.000072 -0.008048
0.000143 -0.008096
0.000215 -0.008144
0.000287 -0.008192
0.000359 -0.008240
0.000430 -0.008287
0.000502 -0.008335
0.000574 -0.008383
0.000646 -0.008430
0.000717 -0.008478
0.000789 -0.008526
0.000861 -0.008573
0.000932 -0.008621
0.001004 -0.008668
0.001076 -0.008715
0.001148 -0.008763
0.001219 -0.008810
0.001291 -0.008857
0.001363 -0.008904
0.001435 -0.008951
0.001506 -0.008998
0.001578 -0.009045
0.001650 -0.009092
0.001721 -0.009139
0.001793 -0.009186
0.001865 -0.009233
0.001937 -0.009280
0.002008 -0.009326
0.002080 -0.009373
0.002152 -0.009420
0.002224 -0.009466
0.002295 -0.009513
0.002367 -0.009559
0.002439 -0.009606
0.002510 -0.009652
0.002582 -0.009699
0.002654 -0.009745
0.002726 -0.009791
0.002797 -0.009837
0.002869 -0.009883
0.002941 -0.009930
0.003013 -0.009976
0.003084 -0.010022
0.003156 -0.010068
0.003228 -0.010113
0.003299 -0.010159
0.003371 -0.010205
0.003443 -0.010251
0.003515 -0.010297
0.003586 -0.010342
0.003658 -0.010388
0.003730 -0.010433
0.003802 -0.010479
0.003873 -0.010524
0.003945 -0.010570
0.004017 -0.010615
0.004088 -0.010661
0.004160 -0.010706
0.004232 -0.010751
0.004304 -0.010796
0.004375 -0.010841
0.004447 -0.010887
0.004519 -0.010932
0.004591 -0.010977
0.004662 -0.011022
0.004734 -0.011066
0.004806 -0.011111
0.004877 -0.011156
0.004949 -0.011201
0.005021 -0.011246
0.005093 -0.011290
0.005164 -0.011335
0.005236 -0.011379
0.005308 -0.011424
0.005380 -0.011468
0.005451 -0.011513
0.005523 -0.011557
0.005595 -0.011601
0.005666 -0.011646
0.005738 -0.011690
0.005810 -0.011734
0.005882 -0.011778
0.005953 -0.011822
0.006025 -0.011866
0.006097 -0.011910
0.006169 -0.011954
0.006240 -0.011998
0.006312 -0.012042
0.006384 -0.012086
0.006455 -0.012130
0.006527 -0.012173
0.006599 -0.012217
0.006671 -0.012260
0.006742 -0.012304
0.006814 -0.012348
0.006886 -0.012391
0.006958 -0.012434
0.007029 -0.012478
0.007101 -0.012521
0.007173 -0.012564
0.007244 -0.012608
0.007316 -0.012651
0.007388 -0.012694
0.007460 -0.012737
0.007531 -0.012780
0.007603 -0.012823
0.007675 -0.012866
0.007747 -0.012909
0.007818 -0.012952
0.007890 -0.012994
0.007962 -0.013037
0.008033 -0.013080
0.008105 -0.013122
0.008177 -0.013165
0.008249 -0.013207
0.008320 -0.013250
0.008392 -0.013292
0.008464 -0.013335
0.008536 -0.013377
0.008607 -0.013419
0.008679 -0.013462
0.008751 -0.013504
0.008822 -0.013546
0.008894 -0.013588
0.008966 -0.013630
0.009038 -0.013672
0.009109 -0.013714
0.009181 -0.013756
0.009253 -0.013798
0.009325 -0.013840
0.009396 -0.013882
0.009468 -0.013923
0.009540 -0.013965
0.009611 -0.014007
0.009683 -0.014048
0.009755 -0.014090
0.009827 -0.014131
0.009898 -0.014173
0.009970 -0.014214
0.010042 -0.014255
0.010114 -0.014297
0.010185 -0.014338
0.010257 -0.014379
0.010329 -0.014420
0.010400 -0.014461
0.010472 -0.014502
0.010544 -0.014543
0.010616 -0.014584
0.010687 -0.014625
0.010759 -0.014666
0.010831 -0.014707
0.010903 -0.014748
0.010974 -0.014788
0.011046 -0.014829
0.011118 -0.014870
0.011189 -0.014910
0.011261 -0.014951
0.011333 -0.014991
0.011405 -0.015032
0.011476 -0.015072
0.011548 -0.015112
0.011620 -0.015153
0.011692 -0.015193
0.011763 -0.015233
0.011835 -0.015273
0.011907 -0.015313
0.011978 -0.015353
0.012050 -0.015393
0.012122 -0.015433
0.012194 -0.015473
0.012265 -0.015513
0.012337 -0.015553
0.012409 -0.015593
0.012481 -0.015632
0.012552 -0.015672
0.012624 -0.015712
0.012696 -0.015751
0.012767 -0.015791
0.012839 -0.015830
0.012911 -0.015869
0.012983 -0.015909
0.013054 -0.015948
0.013126 -0.015987
0.013198 -0.016027
0.013270 -0.016066
0.013341 -0.016105
0.013413 -0.016144
0.013485 -0.016183
0.013556 -0.016222
0.013628 -0.016261
0.013700 -0.016300
0.013772 -0.016339
0.013843 -0.016378
0.013915 -0.016416
0.013987 -0.016455
0.014059 -0.016494
0.014130 -0.016532
0.014202 -0.016571
0.014274 -0.016609
0.014345 -0.016648
0.014417 -0.016686
0.014489 -0.016724
0.014561 -0.016763
0.014632 -0.016801
0.014704 -0.016839
0.014776 -0.016877
0.014848 -0.016916
0.014919 -0.016954
0.014991 -0.016992
0.015063 -0.017030
0.015134 -0.017067
0.015206 -0.017105
0.015278 -0.017143
0.015350 -0.017181
0.015421 -0.017219
0.015493 -0.017256
0.015565 -0.017294
0.015637 -0.017332
0.015708 -0.017369
0.015780 -0.017407
0.015852 -0.017444
0.015923 -0.017481
0.015995 -0.017519
0.016067 -0.017556
0.016139 -0.017593
0.016210 -0.017631
0.016282 -0.017668
0.016354 -0.017705
0.016426 -0.017742
0.016497 -0.017779
0.016569 -0.017816
0.016641 -0.017853
0.016712 -0.017890
0.016784 -0.017926
0.016856 -0.017963
0.016928 -0.018000
0.016999 -0.018037
0.017071 -0.018073
0.017143 -0.018110
0.017215 -0.018146
0.017286 -0.018183
0.017358 -0.018219
0.017430 -0.018256
0.017501 -0.018292
0.017573 -0.018328
0.017645 -0.018365
0.017717 -0.018401
0.017788 -0.018437
0.017860 -0.018473
0.017932 -0.018509
0.018004 -0.018545
0.018075 -0.018581
0.018147 -0.018617
0.018219 -0.018653
0.018290 -0.018689
0.018362 -0.018724
0.018434 -0.018760
0.018506 -0.018796
0.018577 -0.018831
0.018649 -0.018867
0.018721 -0.018902
0.018793 -0.018938
0.018864 -0.018973
0.018936 -0.019009
0.019008 -0.019044
0.019079 -0.019079
0.019151 -0.019114
0.019223 -0.019150
0.019295 -0.019185
0.019366 -0.019220
0.019438 -0.019255
0.019510 -0.019290
0.019581 -0.019325
0.019653 -0.019360
0.019725 -0.019395
0.019797 -0.019429
0.019868 -0.019464
0.019940 -0.019499
0.020012 -0.019533
0.020084 -0.019568
0.020155 -0.019603
0.020227 -0.019637
0.020299 -0.019672
0.020370 -0.019706
0.020442 -0.019740
0.020514 -0.019775
0.020586 -0.019809
0.020657 -0.019843
0.020729 -0.019877
0.020801 -0.019911
0.020873 -0.019946
0.020944 -0.019980
0.021016 -0.020014
0.021088 -0.020048
0.021159 -0.020081
0.021231 -0.020115
0.021303 -0.020149
0.021375 -0.020183
0.021446 -0.020216
0.021518 -0.020250
0.021590 -0.020284
0.021662 -0.020317
0.021733 -0.020351
0.021805 -0.020384
0.021877 -0.020418
0.021948 -0.020451
0.022020 -0.020484
0.022092 -0.020518
0.022164 -0.020551
0.022235 -0.020584
0.022307 -0.020617
0.022379 -0.020650
0.022451 -0.020683
0.022522 -0.020716
0.022594 -0.020749
0.022666 -0.020782
0.022737 -0.020815
0.022809 -0.020847
0.022881 -0.020880
0.022953 -0.020913
0.023024 -0.020945
0.023096 -0.020978
0.023168 -0.021011
0.023240 -0.021043
0.023311 -0.021076
0.023383 -0.021108
0.023455 -0.021140
0.023526 -0.021173
0.023598 -0.021205
0.023670 -0.021237
0.023742 -0.021269
0.023813 -0.021301
0.023885 -0.021333
0.023957 -0.021365
0.024029 -0.021397
0.024100 -0.021429
0.024172 -0.021461
0.024244 -0.021493
0.024315 -0.021525
0.024387 -0.021556
0.024459 -0.021588
0.024531 -0.021620
0.024602 -0.021651
0.024674 -0.021683
0.024746 -0.021714
0.024818 -0.021746
0.024889 -0.021777
0.024961 -0.021808
0.025033 -0.021840
0.025104 -0.021871
0.025176 -0.021902
0.025248 -0.021933
0.025320 -0.021964
0.025391 -0.021995
0.025463 -0.022026
0.025535 -0.022057
0.025607 -0.022088
0.025678 -0.022119
0.025750 -0.022150
0.025822 -0.022181
0.025893 -0.022211
0.025965 -0.022242
0.026037 -0.022273
0.026109 -0.022303
0.026180 -0.022334
0.026252 -0.022364
0.026324 -0.022395
0.026396 -0.022425
0.026467 -0.022455
0.026539 -0.022486
0.026611 -0.022516
0.026682 -0.022546
0.026754 -0.022576
0.026826 -0.022606
0.026898 -0.022636
0.026969 -0.022666
0.027041 -0.022696
0.027113 -0.022726
0.027185 -0.022756
0.027256 -0.022786
0.027328 -0.022815
0.027400 -0.022845
0.027471 -0.022875
0.027543 -0.022904
0.027615 -0.022934
0.027687 -0.022963
0.027758 -0.022993
0.027830 -0.023022
0.027902 -0.023052
0.027974 -0.023081
0.028045 -0.023110
0.028117 -0.023140
0.028189 -0.023169
0.028260 -0.023198
0.028332 -0.023227
0.028404 -0.023256
0.028476 -0.023285
0.028547 -0.023314
0.028619 -0.023343
0.028691 -0.023372
0.028763 -0.023400
0.028834 -0.023429
0.028906 -0.023458
0.028978 -0.023486
0.029049 -0.023515
0.029121 -0.023544
0.029193 -0.023572
0.029265 -0.023600
0.029336 -0.023629
0.029408 -0.023657
0.029480 -0.023686
0.029552 -0.023714
0.029623 -0.023742
0.029695 -0.023770
0.029767 -0.023798
0.029838 -0.023826
0.029910 -0.023854
0.029982 -0.023882
0.030054 -0.023910
0.030125 -0.023938
0.030197 -0.023966
0.030269 -0.023994
0.030341 -0.024021
0.030412 -0.024049
0.030484 -0.024077
0.030556 -0.024104
0.030627 -0.024132
0.030699 -0.024159
0.030771 -0.024187
0.030843 -0.024214
0.030914 -0.024242
0.030986 -0.024269
0.031058 -0.024296
0.031130 -0.024323
0.031201 -0.024350
0.031273 -0.024378
0.031345 -0.024405
0.031416 -0.024432
0.031488 -0.024459
0.031560 -0.024485
0.031632 -0.024512
0.031703 -0.024539
0.031775 -0.024566
0.031847 -0.024593
0.031919 -0.024619
0.031990 -0.024646
0.032062 -0.024672
0.032134 -0.024699
0.032205 -0.024725
0.032277 -0.024752
0.032349 -0.024778
0.032421 -0.024805
0.032492 -0.024831
0.032564 -0.024857
0.032636 -0.024883
0.032708 -0.024909
0.032779 -0.024936
0.032851 -0.024962
0.032923 -0.024988
0.032994 -0.025014
0.033066 -0.025039
0.033138 -0.025065
0.033210 -0.025091
0.033281 -0.025117
0.033353 -0.025143
0.033425 -0.025168
0.033497 -0.025194
0.033568 -0.025219
0.033640 -0.025245
0.033712 -0.025270
0.033783 -0.025296
0.033855 -0.025321
0.033927 -0.025346
0.033999 -0.025372
0.034070 -0.025397
0.034142 -0.025422
0.034214 -0.025447
0.034286 -0.025472
0.034357 -0.025497
0.034429 -0.025522
0.034501 -0.025547
0.034572 -0.025572
0.034644 -0.025597
0.034716 -0.025622
0.034788 -0.025647
0.034859 -0.025671
0.034931 -0.025696
0.035003 -0.025721
0.035075 -0.025745
0.035146 -0.025770
0.035218 -0.025794
0.035290 -0.025818
0.035361 -0.025843
0.035433 -0.025867
0.035505 -0.025891
0.035577 -0.025916
0.035648 -0.025940
0.035720 -0.025964
0.035792 -0.025988
0.035864 -0.026012
0.035935 -0.026036
0.036007 -0.026060
0.036079 -0.026084
0.036150 -0.026108
0.036222 -0.026131
0.036294 -0.026155
0.036366 -0.026179
0.036437 -0.026202
0.036509 -0.026226
0.036581 -0.026250
0.036653 -0.026273
0.036724 -0.026297
0.036796 -0.026320
0.036868 -0.026343
0.036939 -0.026367
0.037011 -0.026390
0.037083 -0.026413
0.037155 -0.026436
0.037226 -0.026459
0.037298 -0.026482
0.037370 -0.026505
0.037442 -0.026528
0.037513 -0.026551
0.037585 -0.026574
0.037657 -0.026597
0.037728 -0.026620
0.037800 -0.026642
0.037872 -0.026665
0.037944 -0.026688
0.038015 -0.026710
0.038087 -0.026733
0.038159 -0.026755
0.038231 -0.026778
0.038302 -0.026800
0.038374 -0.026823
0.038446 -0.026845
0.038517 -0.026867
0.038589 -0.026889
0.038661 -0.026911
0.038733 -0.026934
0.038804 -0.026956
0.038876 -0.026978
0.038948 -0.027000
0.039020 -0.027021
0.039091 -0.027043
0.039163 -0.027065
0.039235 -0.027087
0.039306 -0.027109
0.039378 -0.027130
0.039450 -0.027152
0.039522 -0.027173
0.039593 -0.027195
0.039665 -0.027216
0.039737 -0.027238
0.039809 -0.027259
0.039880 -0.027281
0.039952 -0.027302
0.040024 -0.027323
0.040095 -0.027344
0.040167 -0.027365
0.040239 -0.027387
0.040311 -0.027408
0.040382 -0.027429
0.040454 -0.027450
0.040526 -0.027470
0.040598 -0.027491
0.040669 -0.027512
0.040741 -0.027533
0.040813 -0.027554
0.040884 -0.027574
0.040956 -0.027595
0.041028 -0.027615
0.041100 -0.027636
0.041171 -0.027656
0.041243 -0.027677
0.041315 -0.027697
0.041387 -0.027717
0.041458 -0.027738
0.041530 -0.027758
0.041602 -0.027778
0.041673 -0.027798
0.041745 -0.027818
0.041817 -0.027838
0.041889 -0.027858
0.041960 -0.027878
0.042032 -0.027898
0.042104 -0.027918
0.042176 -0.027938
0.042247 -0.027958
0.042319 -0.027977
0.042391 -0.027997
0.042462 -0.028016
0.042534 -0.028036
0.042606 -0.028056
0.042678 -0.028075
0.042749 -0.028094
0.042821 -0.028114
0.042893 -0.028133
0.042965 -0.028152
0.043036 -0.028172
0.043108 -0.028191
0.043180 -0.028210
0.043251 -0.028229
0.043323 -0.028248
0.043395 -0.028267
0.043467 -0.028286
0.043538 -0.028305
0.043610 -0.028324
0.043682 -0.028342
0.043754 -0.028361
0.043825 -0.028380
0.043897 -0.028398
0.043969 -0.028417
0.044040 -0.028435
0.044112 -0.028454
0.044184 -0.028472
0.044256 -0.028491
0.044327 -0.028509
0.044399 -0.028527
0.044471 -0.028546
0.044543 -0.028564
0.044614 -0.028582
0.044686 -0.028600
0.044758 -0.028618
0.044829 -0.028636
0.044901 -0.028654
0.044973 -0.028672
0.045045 -0.028690
0.045116 -0.028708
0.045188 -0.028726
0.045260 -0.028743
0.045332 -0.028761
0.045403 -0.028779
0.045475 -0.028796
0.045547 -0.028814
0.045618 -0.028831
0.045690 -0.028849
0.045762 -0.028866
0.045834 -0.028883
0.045905 -0.028901
0.045977 -0.028918
0.046049 -0.028935
0.046121 -0.028952
0.046192 -0.028969
0.046264 -0.028986
0.046336 -0.029003
0.046407 -0.029020
0.046479 -0.029037
0.046551 -0.029054
0.046623 -0.029071
0.046694 -0.029088
0.046766 -0.029104
0.046838 -0.029121
0.046910 -0.029138
0.046981 -0.029154
0.047053 -0.029171
0.047125 -0.029187
0.047196 -0.029204
0.047268 -0.029220
0.047340 -0.029236
0.047412 -0.029253
0.047483 -0.029269
0.047555 -0.029285
0.047627 -0.029301
0.047699 -0.029317
0.047770 -0.029333
0.047842 -0.029349
0.047914 -0.029365
0.047985 -0.029381
0.048057 -0.029397
0.048129 -0.029413
0.048201 -0.029429
0.048272 -0.029444
0.048344 -0.029460
0.048416 -0.029476
0.048488 -0.029491
0.048559 -0.029507
0.048631 -0.029522
0.048703 -0.029537
0.048774 -0.029553
0.048846 -0.029568
0.048918 -0.029583
0.048990 -0.029599
0.049061 -0.029614
0.049133 -0.029629
0.049205 -0.029644
0.049277 -0.029659
0.049348 -0.029674
0.049420 -0.029689
0.049492 -0.029704
0.049563 -0.029719
0.049635 -0.029733
0.049707 -0.029748
0.049779 -0.029763
0.049850 -0.029778
0.049922 -0.029792
0.049994 -0.029807
0.050066 -0.029821
0.050137 -0.029836
0.050209 -0.029850
0.050281 -0.029864
0.050352 -0.029879
0.050424 -0.029893
0.050496 -0.029907
0.050568 -0.029921
0.050639 -0.029935
0.050711 -0.029950
0.050783 -0.029964
0.050855 -0.029978
0.050926 -0.029991
0.050998 -0.030005
0.051070 -0.030019
0.051141 -0.030033
0.051213 -0.030047
0.051285 -0.030060
0.051357 -0.030074
0.051428 -0.030088
0.051500 -0.030101
0.051572 -0.030115
0.051644 -0.030128
0.051715 -0.030141
0.051787 -0.030155
0.051859 -0.030168
0.051930 -0.030181
0.052002 -0.030195
0.052074 -0.030208
0.052146 -0.030221
0.052217 -0.030234
0.052289 -0.030247
0.052361 -0.030260
0.052433 -0.030273
0.052504 -0.030286
0.052576 -0.030298
0.052648 -0.030311
0.052719 -0.030324
0.052791 -0.030337
0.052863 -0.030349
0.052935 -0.030362
0.053006 -0.030374
0.053078 -0.030387
0.053150 -0.030399
0.053222 -0.030412
0.053293 -0.030424
0.053365 -0.030436
0.053437 -0.030449
0.053508 -0.030461
0.053580 -0.030473
0.053652 -0.030485
0.053724 -0.030497
0.053795 -0.030509
0.053867 -0.030521
0.053939 -0.030533
0.054011 -0.030545
0.054082 -0.030557
0.054154 -0.030568
0.054226 -0.030580
0.054297 -0.030592
0.054369 -0.030603
0.054441 -0.030615
0.054513 -0.030626
0.054584 -0.030638
0.054656 -0.030649
0.054728 -0.030661
0.054800 -0.030672
0.054871 -0.030683
0.054943 -0.030694
0.055015 -0.030706
0.055086 -0.030717
0.055158 -0.030728
0.055230 -0.030739
0.055302 -0.030750
0.055373 -0.030761
0.055445 -0.030772
0.055517 -0.030783
0.055589 -0.030793
0.055660 -0.030804
0.055732 -0.030815
0.055804 -0.030825
0.055875 -0.030836
0.055947 -0.030847
0.056019 -0.030857
0.056091 -0.030868
0.056162 -0.030878
0.056234 -0.030888
0.056306 -0.030899
0.056378 -0.030909
0.056449 -0.030919
0.056521 -0.030929
0.056593 -0.030939
0.056664 -0.030950
0.056736 -0.030960
0.056808 -0.030970
0.056880 -0.030979
0.056951 -0.030989
0.057023 -0.030999
0.057095 -0.031009
0.057167 -0.031019
0.057238 -0.031028
0.057310 -0.031038
0.057382 -0.031048
0.057453 -0.031057
0.057525 -0.031067
0.057597 -0.031076
0.057669 -0.031086
0.057740 -0.031095
0.057812 -0.031104
0.057884 -0.031113
0.057955 -0.031123
0.058027 -0.031132
0.058099 -0.031141
0.058171 -0.031150
0.058242 -0.031159
0.058314 -0.031168
0.058386 -0.031177
0.058458 -0.031186
0.058529 -0.031195
0.058601 -0.031203
0.058673 -0.031212
0.058744 -0.031221
0.058816 -0.031229
0.058888 -0.031238
0.058960 -0.031247
0.059031 -0.031255
0.059103 -0.031264
0.059175 -0.031272
0.059247 -0.031280
0.059318 -0.031289
0.059390 -0.031297
0.059462 -0.031305
0.059533 -0.031313
0.059605 -0.031321
0.059677 -0.031329
0.059749 -0.031337
0.059820 -0.031345
0.059892 -0.031353
0.059964 -0.031361
0.060036 -0.031369
0.060107 -0.031377
0.060179 -0.031384
0.060251 -0.031392
0.060322 -0.031400
0.060394 -0.031407
0.060466 -0.031415
0.060538 -0.031422
0.060609 -0.031430
0.060681 -0.031437
0.060753 -0.031444
0.060825 -0.031452
0.060896 -0.031459
0.060968 -0.031466
0.061040 -0.031473
0.061111 -0.031480
0.061183 -0.031487
0.061255 -0.031494
0.061327 -0.031501
0.061398 -0.031508
0.061470 -0.031515
0.061542 -0.031522
0.061614 -0.031529
0.061685 -0.031535
0.061757 -0.031542
0.061829 -0.031549
0.061900 -0.031555
0.061972 -0.031562
0.062044 -0.031568
0.062116 -0.031575
0.062187 -0.031581
0.062259 -0.031587
0.062331 -0.031594
0.062403 -0.031600
0.062474 -0.031606
0.062546 -0.031612
0.062618 -0.031618
0.062689 -0.031624
0.062761 -0.031630
0.062833 -0.031636
0.062905 -0.031642
0.062976 -0.031648
0.063048 -0.031654
0.063120 -0.031659
0.063192 -0.031665
0.063263 -0.031671
0.063335 -0.031676
0.063407 -0.031682
0.063478 -0.031687
0.063550 -0.031693
0.063622 -0.031698
0.063694 -0.031704
0.063765 -0.031709
0.063837 -0.031714
0.063909 -0.031720
0.063981 -0.031725
0.064052 -0.031730
0.064124 -0.031735
0.064196 -0.031740
0.064267 -0.031745
0.064339 -0.031750
0.064411 -0.031755
0.064483 -0.031760
0.064554 -0.031764
0.064626 -0.031769
0.064698 -0.031774
0.064770 -0.031778
0.064841 -0.031783
0.064913 -0.031788
0.064985 -0.031792
0.065056 -0.031796
0.065128 -0.031801
0.065200 -0.031805
0.065272 -0.031810
0.065343 -0.031814
0.065415 -0.031818
0.065487 -0.031822
0.065559 -0.031826
0.065630 -0.031830
0.065702 -0.031834
0.065774 -0.031838
0.065845 -0.031842
0.065917 -0.031846
0.065989 -0.031850
0.066061 -0.031854
0.066132 -0.031857
0.066204 -0.031861
0.066276 -0.031865
0.066348 -0.031868
0.066419 -0.031872
0.066491 -0.031875
0.066563 -0.031879
0.066634 -0.031882
0.066706 -0.031886
0.066778 -0.031889
0.066850 -0.031892
0.066921 -0.031895
0.066993 -0.031898
0.067065 -0.031901
0.067137 -0.031905
0.067208 -0.031908
0.067280 -0.031911
0.067352 -0.031913
0.067423 -0.031916
0.067495 -0.031919
0.067567 -0.031922
0.067639 -0.031925
0.067710 -0.031927
0.067782 -0.031930
0.067854 -0.031932
0.067926 -0.031935
0.067997 -0.031937
0.068069 -0.031940
0.068141 -0.031942
0.068212 -0.031945
0.068284 -0.031947
0.068356 -0.031949
0.068428 -0.031951
0.068499 -0.031953
0.068571 -0.031956
0.068643 -0.031958
0.068715 -0.031960
0.068786 -0.031962
0.068858 -0.031963
0.068930 -0.031965
0.069001 -0.031967
0.069073 -0.031969
0.069145 -0.031971
0.069217 -0.031972
0.069288 -0.031974
0.069360 -0.031975
0.069432 -0.031977
0.069504 -0.031978
0.069575 -0.031980
0.069647 -0.031981
0.069719 -0.031982
0.069790 -0.031984
0.069862 -0.031985
0.069934 -0.031986
0.070006 -0.031987
0.070077 -0.031988
0.070149 -0.031989
0.070221 -0.031990
0.070293 -0.031991
0.070364 -0.031992
0.070436 -0.031993
0.070508 -0.031994
0.070579 -0.031995
0.070651 -0.031995
0.070723 -0.031996
0.070795 -0.031997
0.070866 -0.031997
0.070938 -0.031998
0.071010 -0.031998
0.071082 -0.031998
0.071153 -0.031999
0.071225 -0.031999
0.071297 -0.031999
0.071368 -0.032000
0.071440 -0.032000
0.071512 -0.032000
0.071584 -0.032000
0.071655 -0.032000
